Vector((1.430, 1.000), (1.002, 0.000))
Vector((1.430, 1.000), (1.002, 0.000))
Vector((1.430, 1.000), (1.003, 0.000))
Vector((1.430, 1.000), (1.004, 0.000))
Vector((1.440, 1.000), (1.014, 0.000))
Vector((1.440, 1.000), (1.015, 0.000))
Vector((1.440, 1.000), (1.015, 0.000))
Vector((1.440, 1.000), (1.016, 0.000))
Vector((1.440, 1.000), (1.017, 0.000))
Vector((1.440, 1.000), (1.017, 0.000))
Vector((1.440, 1.000), (1.018, 0.000))
Vector((1.450, 1.000), (1.028, 0.000))
Vector((1.450, 1.000), (1.029, 0.000))
Vector((1.450, 1.000), (1.030, 0.000))
Vector((1.450, 1.000), (1.030, 0.000))
Vector((1.450, 1.000), (1.031, 0.000))
Vector((1.450, 1.000), (1.031, 0.000))
Vector((1.460, 1.000), (1.042, 0.000))
Vector((1.460, 1.000), (1.043, 0.000))
Vector((1.460, 1.000), (1.043, 0.000))
